y = 0,0004x2 - 0,0223x + 1,7723
R2 = 0,9234


y = 1,856x-0,0753
R2 = 0,9979


y = 1,8486x-0,0734
R2 = 0,9977

y = 1,843x-0,0722
R2 = 0,9975


Power Regression: y=1.8385519609725642 *n^(-0.07125671433307405)
r=-0.998678200989826



Power Regression: y=545.9125646298041 *n^(1.0701635202424111)
r=0.9999906565094101
Power Regression: y=543.9063030185381 *n^(1.071256714333054)
r=0.9999941401322028



